TU-04/89	X	1	0	56	457,45
TU-04/89	X	1	0	55	422,29
TU-04/89	X	1	0	54	392,98
TU-04/89	X	1	0	53	363,54
TU-04/89	X	1	0	52	336,62
TU-04/89	X	1	0	51	320,86
TU-04/89	X	1	0	50	297,56
TU-04/89	X	1	0	49	284,26
TU-04/89	X	1	0	48	263,95
TU-04/89	X	1	0	47	245,23
TU-04/89	X	1	0	46	227,95
TU-04/89	X	1	0	45	211,99
TU-04/89	X	1	0	44	206,32
TU-04/89	X	1	0	43	192,02
TU-04/89	X	1	0	42	178,77
TU-04/89	X	1	0	41	166,48
TU-04/89	X	1	0	40	155,08
TU-04/89	X	1	0	39	144,5
TU-04/89	X	1	0	38	134,66
TU-04/89	X	1	0	37	125,53
TU-04/89	X	1	0	36	117,03
TU-04/89	X	1	0	35	114,41
TU-04/89	X	1	0	34	106,7
TU-04/89	X	1	0	33	99,52
TU-04/89	X	1	0	32	92,83
TU-04/89	X	1	0	31	86,61
TU-04/89	X	1	0	30	80,81
TU-04/89	X	1	0	29	77,92
TU-04/89	X	1	0	28	72,71
TU-04/89	X	1	0	27	67,86
TU-04/89	X	1	0	26	63,34
TU-04/89	X	1	0	25	59,12
TU-04/89	X	1	0	24	55,18
TU-04/89	X	1	0	23	51,51
TU-04/89	X	1	0	22	49,75
TU-04/89	X	1	0	21	46,44
TU-04/89	X	1	0	20	43,36